Ultrasonic
	1 3.0 3.0 3.2 2.8 3.2
	2 3.0 3.0 3.0 3.0 3.0
	3 3.1 3.2 3.1 3.1 3.1
	4 4.0 4.0 3.8 3.6 4.0
	5 4.6 4.9 5.1 5.0 5.1
	10 9.9 10.3 9.9 10.3 10.1
	15 14.9 14.9 15.4 15.6 14.9
	20 20.5 19.5 20.4 20.5 19.8
	25 25.3 25.1 24.9 25.1 25.1
	30 30.4 30.4 30.4 32.0 30.2
	40 41.2 41.2 41.6 41.2 40.3
	50 50.6 50.9 50.6 51.9 50.9

Color
	Light
		Pink
			43 35 23 0.23
			42 36 23 0.3
			45 35 25 0.31
			45 35 25 0.32
			46 36 25 0.31
		Red
			42 0 0 0.29
			43 0 0 0.27
			40 0 0 0.27
			44 0 0 0.27
			39 0 0 0.28
		Yellow
			59 41 5 0.31
			61 41 6 0.32
			56 39 4 0.31
			58 40 3 0.26
			58 39 4 0.28
		Green
			11 36 6 0.25
			10 37 6 0.26
			13 39 8 0.29
			12 38 7 0.28
			10 37 5 0.19
		Orange
			54 25 12 0.28
			52 24 10 0.27
			50 24 10 0.27
			51 22 8 0.2
			50 22 8 0.16
		Blue
			3 36 25 0.28
			4 39 26 0.28
			4 39 26 0.28
			1 20 11 0.21
			1 36 23 0.21

	Dark
		Pink
			55 37 26 0.03
			58 38 27 0.02
			59 38 28 0.03
			60 38 27 0.03
			58 37 27 0.03
		Red
			39 0 0 0.01
			38 0 0 0.01
			37 0 0 0.0
			40 0 0 0.0
			36 0 0 0.01
		Yellow
			50 33 0 0.02
			51 33 0 0.02
			50 33 0 0.02
			49 32 0 0.02
			51 32 0 0.02
		Orange
			50 20 7 0.02
			49 20 6 0.02
			49 21 7 0.02
			50 21 6 0.01
			51 21 7 0.02
		Green
			9 35 3 0.01
			8 34 4 0.02
			10 35 5 0.02
			9 34 3 0.01
			9 34 2 0.02
		Blue
			0 35 23 0.02
			0 34 22 0.02
			0 34 23 0.02
			0 34 21 0.02
			0 33 23 0.02

Gyro
	0 2 4 2 3 4
	45 47 47 49 47 48
	90 91 91 91 94 93
	135 138 141 141 141 141
	180 181 179 180 179 180
	225 225 227 228 225 223
	270 269 269 273 270 272
	315 317 316 313 314 312

Motor
	Linear
		100 25 25 26 25 25.5
		200 49 49 49 49 49
		300 72 72.5 73 73 72.5
		400 97 97.5 97.5 98 98
		500 120 120.5 120 121 120.5
		1000 212.5 213 212.5 208 212
		1500 215 213 213 213 213.5
		3000 235 236 236 235 235
		5000 314 310 310 313 315

	Rotational
		25 50 56 50 51
		50 102 101 102 102 101
		75 153 152 153 152 152
		100 204 202 204 203 203
		125 254 256 253 251 255
		150 306 303 305 305 303
		200 406 404 406 405 406
		250 508 503 506 500 506
		300 595 600 600 603 603
		350 704 696 696 695 700
